0 32 8
0 34 4
0 86 10
0 38 1
0 40 1
0 42 7
0 55 10
0 45 9
0 56 8
0 83 6
0 20 7
0 21 9
0 22 2
0 23 7
0 24 6
0 25 8
0 26 3
0 27 4
0 74 5
0 72 9
0 31 7
1 20 10
1 21 1
1 22 3
1 23 10
1 24 5
1 25 3
1 26 5
1 28 1
1 29 6
1 31 5
1 36 5
1 37 3
1 38 10
1 40 6
1 47 7
1 49 4
1 52 2
1 53 7
1 56 9
1 67 6
1 72 10
1 79 1
1 82 2
1 84 3
1 87 2
1 91 4
1 93 1
1 95 5
1 97 9
2 20 1
2 21 4
2 22 8
2 23 4
2 24 5
2 25 9
2 27 2
2 28 2
2 30 3
2 33 2
2 36 7
2 39 6
2 42 10
2 44 8
2 50 8
2 56 2
2 59 10
2 69 4
2 73 4
2 85 7
2 87 7
2 90 7
2 94 7
2 96 9
3 32 8
3 33 10
3 34 2
3 93 6
3 37 6
3 39 9
3 40 4
3 79 7
3 43 2
3 78 10
3 47 8
3 80 10
3 20 2
3 22 10
3 23 6
3 24 10
3 25 4
3 54 7
3 28 8
3 29 7
3 30 6
4 20 6
4 21 8
4 22 1
4 23 2
4 24 2
4 25 9
4 27 9
4 28 8
4 30 5
4 31 3
4 32 3
4 34 6
4 35 5
4 36 1
4 45 4
4 46 5
4 47 3
4 49 6
4 51 10
4 53 8
4 58 3
4 61 10
4 64 6
4 73 8
4 81 10
4 83 6
4 86 2
4 90 6
4 92 8
4 95 9
5 20 3
5 21 9
5 22 5
5 23 2
5 24 7
5 25 9
5 26 6
5 27 6
5 30 1
5 33 9
5 35 3
5 38 8
5 39 7
5 40 6
5 49 10
5 51 8
5 57 8
5 60 6
5 61 10
5 66 3
5 80 6
5 83 6
5 87 3
5 99 1
6 34 1
6 36 9
6 37 10
6 79 9
6 55 2
6 44 9
6 98 7
6 46 7
6 47 3
6 95 10
6 20 2
6 21 2
6 22 8
6 23 7
6 26 6
6 59 8
6 29 7
6 30 7
6 31 9
7 32 6
7 33 7
7 36 5
7 92 5
7 76 2
7 45 3
7 48 5
7 20 8
7 21 9
7 52 1
7 26 1
7 28 3
7 30 10
8 20 10
8 21 6
8 22 8
8 24 10
8 25 2
8 26 2
8 27 7
8 28 7
8 29 2
8 30 2
8 31 7
8 34 1
8 36 8
8 37 7
8 42 1
8 44 9
8 45 3
8 55 5
8 59 9
8 62 10
8 63 10
8 64 5
8 71 4
8 86 7
8 91 7
8 94 6
9 20 1
9 21 4
9 22 8
9 23 2
9 26 4
9 27 10
9 28 10
9 31 5
9 33 8
9 34 7
9 36 3
9 38 6
9 39 7
9 41 9
9 43 2
9 44 8
9 50 1
9 51 5
9 53 7
9 56 3
9 63 3
9 64 1
9 67 7
9 68 4
9 77 3
9 89 3
9 91 9
9 92 3
9 93 4
9 96 3
10 20 3
10 21 10
10 22 2
10 24 2
10 25 3
10 29 8
10 31 8
10 32 5
10 34 2
10 36 9
10 41 4
10 44 1
10 61 4
10 66 6
10 67 9
10 73 4
10 74 8
10 76 1
10 77 3
10 84 4
10 85 2
10 87 2
11 96 6
11 33 9
11 90 7
11 37 10
11 41 8
11 55 1
11 50 8
11 20 2
11 21 5
11 22 4
11 23 4
11 24 5
11 26 9
11 29 1
12 20 3
12 21 7
12 22 3
12 23 6
12 24 5
12 25 1
12 26 6
12 27 6
12 28 2
12 29 7
12 43 5
12 44 4
12 47 8
12 48 8
12 52 10
12 54 7
12 57 1
12 59 10
12 65 8
12 71 3
12 81 6
12 97 7
13 20 7
13 21 7
13 22 10
13 23 2
13 24 4
13 25 5
13 26 10
13 27 7
13 28 6
13 29 8
13 31 1
13 32 2
13 34 3
13 35 3
13 38 3
13 39 3
13 40 8
13 43 9
13 51 6
13 54 4
13 56 6
13 58 6
13 60 9
13 62 4
13 65 1
13 67 6
13 68 2
13 69 7
13 72 6
13 73 1
13 74 1
13 76 4
13 77 3
13 78 2
13 81 1
13 86 4
13 95 5
13 97 6
14 20 6
14 21 3
14 22 3
14 23 8
14 24 8
14 25 4
14 26 10
14 27 3
14 29 1
14 30 10
14 31 2
14 32 6
14 35 4
14 37 5
14 41 8
14 42 9
14 44 3
14 45 7
14 49 7
14 50 3
14 57 8
14 70 3
14 73 2
14 74 9
14 77 8
14 80 5
14 88 10
14 96 6
14 99 9
15 32 8
15 35 5
15 36 8
15 38 7
15 40 1
15 42 8
15 55 2
15 77 6
15 78 10
15 20 7
15 21 5
15 22 3
15 23 8
15 25 8
15 26 7
15 29 10
15 63 7
16 20 9
16 21 4
16 23 10
16 24 5
16 25 4
16 27 4
16 28 10
16 32 5
16 33 1
16 35 2
16 36 3
16 40 6
16 41 4
16 43 1
16 47 2
16 51 4
16 62 5
16 63 5
16 71 1
16 74 5
16 77 3
16 85 6
16 91 9
16 92 3
16 93 5
16 95 9
17 20 9
17 21 5
17 22 5
17 23 3
17 24 10
17 26 6
17 27 4
17 28 7
17 29 9
17 30 3
17 32 1
17 33 8
17 34 1
17 35 7
17 38 3
17 39 5
17 42 10
17 46 3
17 54 6
17 56 9
17 58 6
17 59 4
17 60 1
17 71 1
17 76 1
17 97 7
18 20 10
18 21 4
18 22 9
18 23 4
18 24 5
18 25 6
18 27 1
18 31 8
18 33 4
18 35 10
18 36 4
18 37 1
18 38 2
18 39 5
18 40 9
18 44 6
18 45 6
18 48 6
18 53 5
18 54 2
18 56 9
18 60 5
18 61 7
18 65 9
18 68 6
18 75 10
18 76 6
18 77 5
18 80 2
18 99 9
19 20 3
19 21 5
19 22 10
19 23 5
19 24 3
19 25 1
19 26 9
19 27 1
19 28 8
19 29 9
19 30 1
19 31 4
19 33 10
19 35 9
19 43 5
19 47 10
19 52 2
19 53 8
19 54 2
19 59 2
19 60 6
19 62 6
19 64 7
19 72 6
19 73 5
19 74 5
19 76 9
19 87 10
19 88 4
19 91 4
19 92 9
20 21 1
20 22 5
20 23 6
20 24 5
20 25 9
20 26 1
20 27 7
20 28 3
20 29 4
20 30 9
20 31 1
20 32 6
20 33 6
20 34 7
20 36 3
20 37 10
20 38 9
20 39 4
20 40 4
20 42 9
20 43 1
20 45 8
20 46 4
20 47 10
20 48 9
20 50 4
20 53 7
20 55 1
20 56 9
20 58 6
20 59 3
20 60 8
20 61 4
20 62 1
20 66 8
20 67 3
20 70 3
20 72 4
20 74 7
20 77 3
20 80 1
20 82 4
20 83 2
20 88 5
20 91 2
20 92 5
20 96 6
20 98 7
21 22 7
21 23 4
21 24 3
21 25 6
21 26 3
21 27 7
21 28 9
21 29 2
21 30 5
21 32 2
21 33 10
21 35 8
21 36 7
21 39 3
21 41 3
21 42 2
21 43 1
21 46 4
21 48 6
21 49 2
21 50 7
21 51 7
21 53 6
21 55 1
21 56 1
21 57 1
21 58 4
21 60 2
21 61 10
21 63 2
21 65 4
21 66 10
21 67 2
21 68 3
21 71 6
21 72 4
21 75 4
21 76 7
21 79 2
21 82 8
21 83 2
21 87 4
21 88 2
21 94 3
21 96 4
21 99 8
22 23 5
22 24 9
22 25 2
22 26 5
22 27 1
22 28 5
22 29 5
22 30 7
22 31 9
22 32 4
22 33 7
22 34 1
22 35 4
22 37 4
22 40 5
22 41 10
22 43 1
22 44 6
22 45 3
22 46 1
22 47 1
22 48 1
22 49 7
22 50 5
22 52 10
22 54 1
22 59 4
22 61 2
22 62 9
22 64 4
22 67 7
22 69 10
22 70 8
22 72 5
22 73 6
22 75 6
22 76 10
22 86 4
22 98 6
23 24 9
23 25 8
23 26 8
23 27 7
23 28 10
23 29 8
23 30 3
23 31 7
23 32 5
23 33 7
23 34 3
23 35 2
23 36 8
23 37 7
23 38 1
23 40 8
23 41 3
23 44 10
23 46 10
23 47 5
23 48 9
23 49 3
23 52 6
23 53 6
23 54 10
23 55 4
23 56 6
23 57 10
23 58 2
23 60 1
23 61 1
23 62 8
23 64 2
23 66 2
23 67 10
23 68 7
23 70 8
23 75 2
23 77 8
23 78 4
23 81 5
23 83 2
23 87 1
23 88 4
23 89 10
23 93 10
23 98 5
24 25 3
24 26 7
24 27 10
24 28 3
24 29 8
24 30 2
24 32 10
24 33 3
24 34 3
24 35 5
24 37 3
24 38 7
24 40 5
24 41 6
24 42 6
24 43 3
24 45 4
24 47 8
24 48 10
24 51 9
24 53 9
24 55 3
24 57 2
24 60 4
24 63 7
24 64 5
24 66 1
24 69 9
24 75 5
24 76 1
24 84 9
24 86 9
24 93 4
24 95 1
24 96 7
24 97 1
25 26 10
25 27 10
25 28 8
25 29 1
25 30 2
25 31 9
25 32 1
25 33 3
25 34 8
25 35 8
25 39 10
25 40 7
25 42 5
25 43 9
25 44 3
25 45 4
25 46 5
25 48 1
25 49 2
25 50 4
25 51 2
25 52 1
25 63 8
25 64 1
25 67 10
25 69 8
25 70 2
25 71 8
25 74 3
25 77 7
25 78 3
25 79 7
25 83 4
25 88 4
25 93 2
25 95 9
26 27 8
26 28 8
26 29 10
26 30 3
26 31 6
26 32 8
26 33 5
26 34 6
26 35 1
26 36 8
26 37 2
26 38 10
26 41 3
26 42 4
26 43 1
26 45 2
26 46 5
26 49 1
26 53 7
26 55 3
26 56 8
26 57 3
26 60 1
26 63 1
26 65 6
26 66 1
26 67 6
26 68 1
26 70 1
26 72 2
26 74 10
26 75 4
26 77 2
26 81 2
26 85 7
26 86 2
26 89 9
26 90 9
26 93 5
26 94 6
26 99 5
27 28 6
27 29 8
27 30 4
27 31 9
27 32 1
27 34 8
27 36 7
27 37 6
27 38 2
27 39 4
27 41 9
27 42 5
27 43 3
27 44 8
27 45 4
27 48 1
27 51 7
27 52 5
27 55 7
27 56 4
27 57 1
27 58 6
27 60 9
27 61 5
27 62 2
27 64 2
27 70 1
27 71 2
27 76 5
27 77 3
27 79 9
27 80 8
27 81 4
27 82 3
27 85 8
27 87 4
27 90 5
27 92 10
27 94 4
27 95 7
27 98 8
27 99 2
28 30 9
28 31 9
28 33 6
28 35 5
28 37 2
28 39 7
28 40 6
28 41 3
28 42 6
28 45 4
28 47 7
28 48 10
28 49 3
28 50 4
28 54 7
28 56 10
28 57 10
28 58 6
28 59 10
28 64 2
28 68 8
28 70 2
28 71 9
28 72 8
28 74 1
28 76 1
28 77 4
28 78 7
28 79 7
28 81 3
28 87 10
28 91 10
28 92 4
28 93 2
28 94 2
28 97 4
28 99 5
29 30 8
29 31 7
29 32 4
29 33 8
29 34 5
29 35 3
29 36 7
29 37 9
29 39 1
29 40 8
29 41 10
29 42 4
29 44 9
29 46 7
29 48 8
29 50 8
29 51 7
29 54 5
29 58 8
29 61 1
29 66 2
29 69 3
29 71 9
29 73 8
29 76 10
29 80 4
29 83 9
29 84 9
29 87 8
29 88 9
30 31 7
30 35 1
30 37 8
30 39 9
30 41 9
30 43 6
30 44 8
30 45 5
30 46 9
30 47 1
30 49 4
30 54 8
30 59 8
30 62 6
30 63 6
30 67 3
30 69 7
30 72 2
30 75 1
30 81 3
30 82 8
30 83 9
30 93 8
31 32 5
31 34 10
31 36 5
31 37 6
31 38 8
31 39 2
31 40 5
31 41 10
31 43 3
31 44 1
31 45 9
31 48 6
31 49 3
31 51 1
31 52 6
31 57 4
31 59 2
31 61 4
31 62 4
31 63 1
31 67 5
31 68 8
31 71 7
31 72 3
31 74 2
31 75 9
31 76 8
31 78 3
31 80 5
31 81 8
31 83 1
31 84 7
31 85 3
31 87 7
31 88 2
31 89 5
31 90 1
31 95 4
31 98 6
32 33 1
32 34 7
32 35 1
32 37 8
32 38 8
32 40 6
32 41 9
32 42 4
32 46 8
32 49 4
32 51 1
32 52 2
32 53 3
32 57 8
32 58 1
32 59 1
32 60 8
32 62 3
32 64 8
32 65 8
32 68 8
32 69 9
32 70 4
32 71 9
32 72 4
32 78 4
32 79 7
32 81 2
32 85 7
32 87 4
32 96 5
33 34 1
33 38 9
33 40 7
33 41 2
33 47 8
33 48 1
33 49 6
33 52 9
33 56 4
33 57 6
33 60 9
33 62 10
33 63 9
33 64 8
33 65 5
33 66 6
33 71 5
33 72 5
33 77 7
33 78 10
33 84 1
33 86 7
33 87 10
33 88 3
33 90 7
33 91 3
33 95 2
33 97 8
33 99 2
34 35 10
34 36 2
34 37 7
34 38 4
34 39 3
34 40 5
34 42 2
34 43 10
34 44 3
34 46 4
34 47 8
34 48 4
34 51 3
34 53 2
34 54 8
34 60 1
34 63 3
34 64 9
34 65 3
34 66 8
34 68 3
34 69 8
34 71 8
34 72 6
34 75 10
34 77 8
34 78 1
34 79 8
34 80 3
34 84 1
34 85 5
34 87 5
34 89 6
34 93 9
34 94 7
34 97 4
35 36 10
35 37 9
35 38 5
35 39 7
35 42 6
35 43 5
35 44 7
35 45 2
35 46 2
35 50 1
35 52 3
35 53 8
35 54 8
35 56 8
35 57 10
35 58 2
35 60 3
35 61 3
35 62 10
35 65 4
35 66 4
35 67 7
35 70 5
35 73 1
35 74 9
35 78 1
35 83 10
35 84 2
35 85 1
35 86 7
35 90 6
35 92 4
36 38 6
36 39 4
36 40 3
36 42 7
36 47 5
36 48 7
36 50 1
36 51 4
36 53 5
36 55 9
36 56 2
36 59 9
36 63 7
36 69 2
36 72 7
36 75 5
36 78 8
36 80 9
36 88 8
36 89 10
36 93 8
36 94 7
36 98 10
36 99 6
37 38 5
37 39 5
37 41 4
37 42 8
37 45 4
37 47 5
37 49 9
37 50 5
37 51 10
37 55 5
37 56 3
37 57 4
37 58 6
37 64 5
37 68 6
37 69 6
37 70 1
37 73 9
37 84 7
37 85 2
37 94 6
37 96 9
37 98 9
38 39 5
38 42 6
38 43 8
38 45 1
38 50 1
38 55 7
38 60 7
38 62 10
38 69 6
38 74 10
38 78 2
38 79 5
38 87 10
38 97 6
39 41 9
39 44 2
39 46 2
39 47 10
39 48 4
39 49 3
39 50 2
39 51 3
39 52 10
39 53 7
39 54 10
39 57 3
39 59 10
39 61 6
39 63 1
39 66 9
39 68 4
39 69 2
39 70 10
39 71 5
39 73 7
39 75 4
39 79 10
39 81 3
39 87 6
39 91 5
39 94 2
39 97 3
39 98 5
39 99 4
40 41 1
40 47 8
40 48 1
40 50 2
40 51 4
40 52 3
40 54 10
40 55 7
40 58 8
40 59 9
40 60 6
40 63 10
40 64 10
40 65 9
40 68 1
40 71 1
40 74 8
40 75 3
40 79 3
40 80 5
40 81 6
40 82 8
40 88 8
40 91 8
40 92 10
40 96 7
40 97 7
41 43 8
41 44 3
41 46 6
41 49 8
41 51 10
41 53 2
41 56 3
41 59 1
41 62 2
41 63 7
41 66 5
41 72 6
41 82 3
41 83 5
41 85 10
41 89 8
41 91 6
42 43 6
42 44 7
42 45 5
42 46 4
42 49 10
42 50 10
42 59 6
42 61 7
42 65 10
42 79 6
42 81 4
42 83 8
42 84 5
42 85 2
42 87 1
42 89 1
42 90 10
42 91 6
42 94 1
43 45 1
43 46 9
43 48 7
43 51 9
43 52 1
43 55 6
43 61 8
43 69 6
43 73 8
43 78 3
43 79 1
43 82 10
43 86 6
43 89 8
43 97 10
44 46 10
44 49 10
44 52 9
44 53 1
44 61 3
44 65 1
44 70 7
44 73 2
44 79 3
44 88 7
44 90 7
44 91 8
44 93 4
44 94 2
45 46 9
45 47 5
45 50 4
45 52 2
45 55 5
45 57 2
45 60 9
45 62 6
45 63 9
45 64 10
45 65 1
45 66 6
45 73 10
45 80 10
45 82 7
45 84 10
45 90 3
45 91 5
45 92 3
45 93 2
45 95 2
45 96 1
45 98 4
45 99 3
46 48 8
46 49 10
46 50 6
46 51 2
46 53 6
46 54 9
46 58 2
46 61 7
46 62 4
46 65 7
46 67 7
46 69 3
46 71 9
46 74 2
46 77 10
46 84 10
46 86 6
46 97 5
47 52 6
47 58 3
47 60 8
47 63 9
47 64 3
47 68 10
47 70 6
47 82 4
47 83 10
47 91 5
47 93 3
47 95 4
47 96 8
47 97 9
47 98 1
48 52 1
48 54 10
48 58 8
48 66 3
48 75 3
48 81 5
48 83 3
48 89 3
48 94 7
48 98 8
49 50 2
49 52 6
49 53 1
49 54 1
49 55 10
49 57 9
49 58 3
49 65 9
49 67 9
49 69 3
49 71 8
49 73 10
49 80 1
49 85 9
49 86 4
49 90 5
49 92 9
49 96 3
49 97 1
50 54 1
50 56 9
50 61 6
50 62 2
50 63 2
50 75 1
50 77 6
50 81 1
50 82 2
50 86 3
50 88 1
50 93 5
50 94 8
50 95 8
50 99 10
51 53 5
51 54 2
51 57 9
51 58 3
51 59 2
51 63 1
51 68 6
51 73 10
51 76 7
51 80 5
51 86 3
51 88 10
51 90 2
51 92 8
52 57 6
52 62 5
52 65 3
52 67 3
52 70 5
52 71 1
52 78 5
52 80 3
52 93 2
52 94 3
52 95 9
53 55 6
53 58 4
53 61 6
53 64 1
53 65 4
53 67 7
53 68 6
53 69 10
53 73 9
53 74 9
53 76 4
53 78 9
53 82 7
53 84 2
53 85 7
53 86 4
54 55 7
54 58 8
54 67 5
54 69 10
54 72 1
54 77 9
54 81 5
54 86 1
54 89 6
54 93 10
54 95 9
54 98 1
54 99 1
55 56 10
55 57 2
55 66 10
55 67 9
55 70 10
55 73 9
55 75 2
55 76 9
55 79 8
55 83 10
55 85 9
55 87 9
55 96 3
56 61 2
56 69 8
56 70 5
56 75 7
56 82 5
56 84 9
56 89 7
56 90 1
56 98 1
57 59 7
57 60 3
57 68 5
57 75 8
57 76 4
57 78 2
57 81 5
57 84 9
57 91 10
57 92 9
57 99 3
58 59 6
58 66 3
58 74 8
58 80 4
58 82 10
58 86 6
58 88 1
58 89 7
59 64 10
59 65 7
59 66 6
59 77 5
59 84 4
59 92 3
59 97 5
59 99 2
60 62 8
60 65 9
60 82 7
61 64 5
61 66 10
61 78 6
61 82 7
61 85 2
61 95 5
62 66 2
62 67 2
62 68 2
62 73 4
62 80 10
62 82 1
62 84 1
63 65 6
63 70 1
63 71 5
63 74 9
63 75 6
63 80 9
64 73 5
64 76 1
64 78 8
64 79 10
64 83 9
64 87 4
64 88 6
64 89 7
64 94 8
64 97 2
65 70 8
65 72 1
65 86 2
66 68 7
66 70 8
66 71 9
66 76 9
66 81 2
66 85 8
66 88 3
66 90 2
67 68 10
67 72 2
67 96 1
67 99 8
68 69 5
68 72 6
68 75 2
68 79 9
68 89 2
68 90 10
68 94 1
69 75 4
69 80 1
69 85 8
69 89 7
70 74 8
70 76 10
70 79 6
71 77 10
71 82 6
71 89 7
71 90 3
71 96 4
71 97 10
72 82 3
72 84 1
72 96 8
72 98 8
73 74 3
73 88 6
73 95 3
73 98 2
74 83 8
74 89 7
74 93 2
75 81 6
75 94 7
76 78 3
76 80 1
76 83 9
76 84 9
76 87 7
76 88 8
76 90 9
76 94 9
77 79 8
77 82 9
77 97 4
78 81 1
78 86 3
78 88 10
78 89 3
78 94 7
78 95 1
78 99 8
79 83 8
79 84 5
79 91 8
79 96 4
80 85 2
80 90 7
80 92 8
80 99 3
81 85 5
81 91 1
81 92 3
82 92 5
82 93 10
83 86 10
84 91 10
84 98 8
85 98 4
86 90 6
87 89 1
87 91 10
89 92 1
89 98 3
90 95 3
90 97 9
90 99 4
91 92 2
91 96 10
91 98 8
92 95 4
95 96 5
98 99 9
